%YAML:1.0
camera_matrix: !!opencv-matrix
   rows: 3
   cols: 3
   dt: d
   data: [ 919.610107421875, 0., 642.6557006835938,
       0., 919.6849975585938, 368.8215026855469,
       0., 0., 1. ]
distortion_coefficients: !!opencv-matrix
   rows: 5
   cols: 1
   dt: d
   data: [ 0, 0,
       0, 0, 0 ]
